\begin{verbatim}
>> A=[j,0;0,-j]

A =

        0 + 1.0000i        0
        0                  0 - 1.0000i

>> A'

ans =

        0 - 1.0000i        0
        0                  0 + 1.0000i
\end{verbatim}
