\begin{verbatim}
>> Abar=inv(V)*A*V, bbar=inv(V)*b, cbar=c*V

Abar =

   -1.5919    0.2964   -0.0191
   -4.5394   -0.5037    0.0053
   -2.4566   -0.8158   -0.9044


bbar =

    0.4252
    0.7470
    0.5111


cbar =

    1.1733   -0.6582   -0.0140
\end{verbatim}