\begin{verbatim}
U =

    0.1259    0.9920
    0.9920   -0.1259

>>U*U'

ans =

    1.0000    0.0000
    0.0000    1.0000
\end{verbatim}